[[0.96831276 0.93950617 0.90205761 ... 0.97283951 0.97119342 0.96831276]
 [0.93950617 0.96831276 0.93744856 ... 0.98353909 0.981893   0.97901235]
 [0.90205761 0.93744856 0.96831276 ... 0.97201646 0.97037037 0.96748971]
 ...
 [0.97283951 0.98353909 0.97201646 ... 0.97901235 0.95432099 0.94814815]
 [0.97119342 0.981893   0.97037037 ... 0.95432099 0.97901235 0.95596708]
 [0.96831276 0.97901235 0.96748971 ... 0.94814815 0.95596708 0.97901235]]