[[0.95       0.95865385 0.975      ... 0.97019231 0.95       0.95      ]
 [0.95865385 0.96730769 0.98365385 ... 0.97884615 0.95865385 0.95865385]
 [0.975      0.98365385 1.         ... 0.99519231 0.975      0.975     ]
 ...
 [0.97019231 0.97884615 0.99519231 ... 0.99038462 0.97019231 0.97019231]
 [0.95       0.95865385 0.975      ... 0.97019231 0.95       0.95      ]
 [0.95       0.95865385 0.975      ... 0.97019231 0.95       0.95      ]]