[[0.9        0.91730769 0.95       ... 0.94038462 0.9        0.9       ]
 [0.91730769 0.93461538 0.96730769 ... 0.95769231 0.91730769 0.91730769]
 [0.95       0.96730769 1.         ... 0.99038462 0.95       0.95      ]
 ...
 [0.94038462 0.95769231 0.99038462 ... 0.98076923 0.94038462 0.94038462]
 [0.9        0.91730769 0.95       ... 0.94038462 0.9        0.9       ]
 [0.9        0.91730769 0.95       ... 0.94038462 0.9        0.9       ]]