[[196. 225. 204. 164. 266. 258. 231. 166. 357. 325. 263. 186. 169. 176.
  178. 186. 156. 156. 158. 163. 171. 175. 177. 185.]
 [225. 181. 182. 147. 239. 245. 196. 150. 289. 296. 229. 167. 162. 169.
  170. 178. 148. 148. 150. 155. 163. 167. 169. 177.]
 [204. 182. 170. 149. 196. 194. 232. 155. 237. 214. 263. 166. 157. 164.
  165. 173. 143. 143. 145. 150. 158. 163. 164. 172.]
 [164. 147. 149. 169. 160. 161. 157. 226. 165. 185. 234. 257. 154. 162.
  163. 171. 141. 141. 143. 148. 156. 160. 162. 170.]
 [266. 239. 196. 160. 196. 240. 208. 166. 271. 267. 208. 169. 143. 150.
  151. 160. 129. 129. 132. 137. 145. 149. 151. 159.]
 [258. 245. 194. 161. 240. 181. 183. 149. 245. 256. 184. 150. 138. 145.
  146. 154. 124. 124. 126. 131. 139. 144. 145. 153.]
 [231. 196. 232. 157. 208. 183. 170. 149. 201. 215. 239. 151. 134. 141.
  142. 150. 120. 120. 122. 127. 135. 140. 141. 149.]
 [166. 150. 155. 226. 166. 149. 149. 169. 160. 147. 170. 221. 133. 140.
  141. 150. 119. 119. 122. 126. 135. 139. 141. 149.]
 [357. 289. 237. 165. 271. 245. 201. 160. 196. 236. 194. 161. 171. 178.
  179. 188. 157. 157. 160. 164. 173. 177. 179. 187.]
 [325. 296. 214. 185. 267. 256. 215. 147. 236. 181. 184. 157. 166. 173.
  174. 182. 152. 152. 154. 159. 167. 172. 173. 181.]
 [263. 229. 263. 234. 208. 184. 239. 170. 194. 184. 170. 150. 159. 166.
  167. 176. 145. 145. 148. 153. 161. 165. 167. 175.]
 [186. 167. 166. 257. 169. 150. 151. 221. 161. 157. 150. 169. 153. 160.
  161. 169. 139. 139. 141. 146. 154. 159. 160. 168.]
 [169. 162. 157. 154. 143. 138. 134. 133. 171. 166. 159. 153. 151. 147.
  141. 145. 188. 151. 142. 164. 213. 204. 162. 145.]
 [176. 169. 164. 162. 150. 145. 141. 140. 178. 173. 166. 160. 147. 151.
  189. 209. 137. 207. 191. 206. 149. 227. 208. 226.]
 [178. 170. 165. 163. 151. 146. 142. 141. 179. 174. 167. 161. 141. 189.
  157. 253. 136. 188. 210. 231. 155. 226. 239. 225.]
 [186. 178. 173. 171. 160. 154. 150. 150. 188. 182. 176. 169. 145. 209.
  253. 170. 147. 206. 251. 233. 164. 268. 362. 236.]
 [156. 148. 143. 141. 129. 124. 120. 119. 157. 152. 145. 139. 188. 137.
  136. 147. 151. 133. 138. 152. 192. 149. 139. 143.]
 [156. 148. 143. 141. 129. 124. 120. 119. 157. 152. 145. 139. 151. 207.
  188. 206. 133. 151. 179. 183. 145. 204. 183. 194.]
 [158. 150. 145. 143. 132. 126. 122. 122. 160. 154. 148. 141. 142. 191.
  210. 251. 138. 179. 157. 240. 145. 185. 208. 235.]
 [163. 155. 150. 148. 137. 131. 127. 126. 164. 159. 153. 146. 164. 206.
  231. 233. 152. 183. 240. 170. 160. 220. 293. 230.]
 [171. 163. 158. 156. 145. 139. 135. 135. 173. 167. 161. 154. 213. 149.
  155. 164. 192. 145. 145. 160. 151. 140. 142. 175.]
 [175. 167. 163. 160. 149. 144. 140. 139. 177. 172. 165. 159. 204. 227.
  226. 268. 149. 204. 185. 220. 140. 151. 175. 265.]
 [177. 169. 164. 162. 151. 145. 141. 141. 179. 173. 167. 160. 162. 208.
  239. 362. 139. 183. 208. 293. 142. 175. 157. 265.]
 [185. 177. 172. 170. 159. 153. 149. 149. 187. 181. 175. 168. 145. 226.
  225. 236. 143. 194. 235. 230. 175. 265. 265. 170.]]