[[196. 266. 357. ... 185. 189. 196.]
 [266. 196. 271. ... 159. 163. 170.]
 [357. 271. 196. ... 187. 191. 198.]
 ...
 [185. 159. 187. ... 170. 230. 245.]
 [189. 163. 191. ... 230. 170. 226.]
 [196. 170. 198. ... 245. 226. 170.]]